QT project
[1]
TP, TN, FP, FN, Precision, Recall, Accuracy, F1
7,425,855,541,0.008121,0.012774,0.236324,0.009929
7,425,855,541,0.008121,0.012774,0.236324,0.009929
548,1271,9,0,0.983842,1.000000,0.995077,0.991855
[-1]
TP, TN, FP, FN, Precision, Recall, Accuracy, F1
12,117,52,51,0.187500,0.190476,0.556034,0.188976
12,117,52,51,0.187500,0.190476,0.556034,0.188976
63,168,1,0,0.984375,1.000000,0.995690,0.992126
[1, 1]
TP, TN, FP, FN, Precision, Recall, Accuracy, F1
37,139,5769,1046,0.006373,0.034164,0.025175,0.010742
38,141,5767,1045,0.006546,0.035088,0.025604,0.011034
1082,5901,7,1,0.993572,0.999077,0.998856,0.996317
[1, -1]
TP, TN, FP, FN, Precision, Recall, Accuracy, F1
188,170,5770,1050,0.031554,0.151858,0.049875,0.052251
190,173,5767,1048,0.031895,0.153473,0.050571,0.052814
1238,5939,1,0,0.999193,1.000000,0.999861,0.999596
[-1, 1]
TP, TN, FP, FN, Precision, Recall, Accuracy, F1
3,12,504,217,0.005917,0.013636,0.020380,0.008253
3,12,504,217,0.005917,0.013636,0.020380,0.008253
219,516,0,1,1.000000,0.995455,0.998641,0.997722
[-1, -1]
TP, TN, FP, FN, Precision, Recall, Accuracy, F1
9,31,504,216,0.017544,0.040000,0.052632,0.024390
9,31,504,216,0.017544,0.040000,0.052632,0.024390
225,535,0,0,1.000000,1.000000,1.000000,1.000000

Openstack
[1]
TP, TN, FP, FN, Precision, Recall, Accuracy, F1
6,875,12845,922,0.000467,0.006466,0.060145,0.000871
6,905,12815,922,0.000468,0.006466,0.062193,0.000873
920,11849,1871,8,0.329631,0.991379,0.871723,0.494757
[-1]
TP, TN, FP, FN, Precision, Recall, Accuracy, F1
35,355,1958,166,0.017561,0.174129,0.155131,0.031905
35,356,1957,166,0.017570,0.174129,0.155529,0.031920
195,2164,149,6,0.566860,0.970149,0.938345,0.715596
[1, 1]
TP, TN, FP, FN, Precision, Recall, Accuracy, F1
148,2274,5302,401,0.027156,0.269581,0.298092,0.049342
148,2404,5172,401,0.027820,0.269581,0.314092,0.050434
499,6047,1529,50,0.246055,0.908925,0.805662,0.387272
[1, -1]
TP, TN, FP, FN, Precision, Recall, Accuracy, F1
110,579,4462,52,0.024059,0.679012,0.132424,0.046472
114,614,4427,48,0.025105,0.703704,0.139919,0.048480
159,5025,16,3,0.908571,0.981481,0.996348,0.943620
[-1, 1]
TP, TN, FP, FN, Precision, Recall, Accuracy, F1
1,53,983,64,0.001016,0.015385,0.049046,0.001907
1,58,978,64,0.001021,0.015385,0.053588,0.001916
60,949,87,5,0.408163,0.923077,0.916440,0.566038
[-1, -1]
TP, TN, FP, FN, Precision, Recall, Accuracy, F1
26,123,931,30,0.027168,0.464286,0.134234,0.051333
26,126,928,30,0.027254,0.464286,0.136937,0.051485
53,1040,14,3,0.791045,0.946429,0.984685,0.861789
